3545
3535
567
5767
465
3346
2356
7578
9432
3635
46
3646
6333
666
677
9643
356
8632
12888
7650
3545
3535
567
5767
465
3346
2356
7578
9432
3635
46
3646
6333
666
677
9643
356
8632
12888
7650
3545
3535
567
5767
465
3346
2356
7578
9432
3635
46
3646
6333
666
677
9643
356
8632
12888
7650
3545
3535
567
5767
465
3346
2356
7578
9432
3635
46
3646
6333
666
677
9643
356
8632
12888
7650
3545
3535
567
5767
465
3346
2356
7578
9432
3635
46
3646
6333
666
677
9643
356
8632
12888
7650
3545
3535
567
5767
465
3346
2356
7578
9432
3635
46
3646
6333
666
677
9643
356
8632
12888
7650
3545
3535
567
5767
465
3346
2356
7578
9432
3635
46
3646
6333
666
677
9643
356
8632
12888
7650
3545
3535
567
5767
465
3346
2356
7578
9432
3635
46
3646
6333
666
677
9643
356
8632
12888
7650
3545
3535
567
5767
465
3346
2356
7578
9432
3635
46
3646
6333
666
677
9643
356
8632
12888
7650
3545
3535
567
5767
465
3346
2356
7578
9432
3635
46
3646
6333
666
677
9643
356
8632
12888
7650
3545
3535
567
5767
465
3346
2356
7578
9432
3635
46
3646
6333
666
677
9643
356
8632
12888
7650
3545
3535
567
5767
465
3346
2356
7578
9432
3635
46
3646
6333
666
677
9643
356
8632
12888
7650
3545
3535
567
5767
465
3346
2356
7578
9432
3635
46
3646
6333
666
677
9643
356
8632
12888
7650
3545
3535
567
5767
465
3346
2356
7578
9432
3635
46
3646
6333
666
677
9643
356
8632
12888
7650
3545
3535
567
5767
465
3346
2356
7578
9432
3635
46
3646
6333
666
677
9643
356
8632
12888
7650
3545
3535
567
5767
465
3346
2356
7578
9432
3635
46
3646
6333
666
677
9643
356
8632
12888
7650
3535
567
5767
465
3346
2356
7578
9432
3635
46
3646
6333
666
677
9643
356
8632
12888
7650
3545
3535
567
5767
465
3346
2356
7578
9432
3635
46
3646
6333
666
677
9643
356
8632
12888
7650
3545
3535
567
5767
465
3346
2356